Confusion Matrix
                    Actual class
                               0               1               2               3               4               5               6
               0           39429            1990               1               0              38               5             217
               1            2651           54183             121               0             301             121              36
               2               6             144            6696              93              25             277               0
               3               0               2              39             434               0              13               0
               4              32             185              15               0            1546               8               1
               5              10             114             275              31              10            3039               0
               6             188              32               0               0               0               0            3894

           39429            1990               1               0              38               5             217
            2651           54183             121               0             301             121              36
               6             144            6696              93              25             277               0
               0               2              39             434               0              13               0
              32             185              15               0            1546               8               1
              10             114             275              31              10            3039               0
             188              32               0               0               0               0            3894

Metrics for a given class
True Positives
False Positives
False Negatives
True Negatives
Precision
Recall
Fall-out
F-Measure

Metrics for class 0 classification
39429
2251
2887
71635
0.9459932821497121
0.9317752150486813
0.03046585280025986
0.938830420496214


Metrics for class 1 classification
54183
3230
2467
56322
0.9437409645899012
0.9564518976169462
0.05423831273508866
0.9500539175718682


Metrics for class 2 classification
6696
545
451
108510
0.9247341527413341
0.9368965999720162
0.004997478336619137
0.9307756463719766


Metrics for class 3 classification
434
54
124
115590
0.889344262295082
0.7777777777777778
0.0004669502957351873
0.829827915869981


Metrics for class 4 classification
1546
241
374
114041
0.8651371012870733
0.8052083333333333
0.0021088185366024397
0.8340976530887508


Metrics for class 5 classification
3039
440
424
112299
0.8735268755389479
0.8775628068149004
0.0039028197872963215
0.8755401901469317


Metrics for class 6 classification
3894
220
254
111834
0.946524064171123
0.9387656702025072
0.0019633391043603976
0.9426289034132173


Macro measures
Precision
Recall
Fall-out
F-Measure
0.9127143861104534
0.8892054715380231
0.014020510227994573
0.900250663851277


Micro measures
Precision
Recall
Fall-out
F-Measure
0.9398390310159246
0.9399235813497185
0.0380671529456806
0.9398021367068323

