Confusion Matrix
                    Actual class
                               0               1               2               3               4               5               6
               0           39648            1950               1               0              30               5             195
               1            2438           54239             116               0             272             107              32
               2               6             135            6700              80              24             252               0
               3               0               2              41             448               0              14               0
               4              38             184              16               0            1582               8               1
               5               9             112             273              30              12            3077               0
               6             177              28               0               0               0               0            3920

           39648            1950               1               0              30               5             195
            2438           54239             116               0             272             107              32
               6             135            6700              80              24             252               0
               0               2              41             448               0              14               0
              38             184              16               0            1582               8               1
               9             112             273              30              12            3077               0
             177              28               0               0               0               0            3920

Metrics for a given class
True Positives
False Positives
False Negatives
True Negatives
Precision
Recall
Fall-out
F-Measure

Metrics for class 0 classification
39648
2181
2668
71705
0.9478591407874919
0.9369505624350127
0.02951844733779065
0.9423732842117774


Metrics for class 1 classification
54239
2965
2411
56587
0.9481679602824977
0.9574404236540159
0.049788420204191296
0.9527816326172115


Metrics for class 2 classification
6700
497
447
108558
0.9309434486591636
0.9374562753602911
0.0045573334555958
0.9341885108756275


Metrics for class 3 classification
448
57
110
115587
0.8871287128712871
0.8028673835125448
0.0004928919788315866
0.8428974600188148


Metrics for class 4 classification
1582
247
338
114035
0.8649535265172226
0.8239583333333333
0.0021613202429078943
0.8439583889037077


Metrics for class 5 classification
3077
436
386
112303
0.8758895530885283
0.8885359514871499
0.0038673396074118097
0.8821674311926606


Metrics for class 6 classification
3920
205
228
111849
0.9503030303030303
0.9450337512054002
0.0018294750745176433
0.9476610661186996


Macro measures
Precision
Recall
Fall-out
F-Measure
0.9150350532156031
0.8988918115696782
0.013173603985892382
0.9065753962769286


Micro measures
Precision
Recall
Fall-out
F-Measure
0.9432502561390668
0.9433056229669025
0.03552085086814915
0.9432348279338124

