Confusion Matrix
                    Actual class
                               0               1               2               3               4               5               6
               0           39737            2027               2               0              32               5             201
               1            2355           54133             123               0             254             117              30
               2               3             137            6682              76              20             236               0
               3               0               1              47             451               0              18               0
               4              32             212              20               0            1604               9               1
               5               9             112             273              31               9            3078               0
               6             180              28               0               0               1               0            3916

           39737            2027               2               0              32               5             201
            2355           54133             123               0             254             117              30
               3             137            6682              76              20             236               0
               0               1              47             451               0              18               0
              32             212              20               0            1604               9               1
               9             112             273              31               9            3078               0
             180              28               0               0               1               0            3916

Metrics for a given class
True Positives
False Positives
False Negatives
True Negatives
Precision
Recall
Fall-out
F-Measure

Metrics for class 0 classification
39737
2267
2579
71619
0.9460289496238453
0.9390537858020607
0.030682402620252822
0.9425284629981026


Metrics for class 1 classification
54133
2879
2517
56673
0.9495018592577001
0.9555692850838482
0.048344304137560454
0.9525259101546691


Metrics for class 2 classification
6682
472
465
108583
0.9340229242381884
0.9349377361130544
0.004328091330062812
0.9344801062862738


Metrics for class 3 classification
451
66
107
115578
0.8723404255319149
0.8082437275985663
0.0005707170281207844
0.8390697674418603


Metrics for class 4 classification
1604
274
316
114008
0.8541001064962727
0.8354166666666667
0.0023975779212824415
0.8446550816219064


Metrics for class 5 classification
3078
434
385
112305
0.8764236902050114
0.8888247184522091
0.0038495995174695537
0.8825806451612905


Metrics for class 6 classification
3916
209
232
111845
0.9493333333333334
0.944069431051109
0.0018651721491423777
0.9466940650308232


Macro measures
Precision
Recall
Fall-out
F-Measure
0.9116787555266095
0.9008736215382165
0.013148266386270176
0.9060762912421323


Micro measures
Precision
Recall
Fall-out
F-Measure
0.9431544316494378
0.9431937488167157
0.03523161352060696
0.9431555309977947

