Confusion Matrix
                    Actual class
                               0               1               2               3               4               5               6
               0           39728            2146               1               0              38               4             188
               1            2355           53993             110               1             257             114              29
               2               4             146            6671              68              17             232               0
               3               0               0              52             456               0              18               0
               4              35             220              29               0            1597              13               1
               5              10             119             284              33              10            3082               0
               6             184              26               0               0               1               0            3930

           39728            2146               1               0              38               4             188
            2355           53993             110               1             257             114              29
               4             146            6671              68              17             232               0
               0               0              52             456               0              18               0
              35             220              29               0            1597              13               1
              10             119             284              33              10            3082               0
             184              26               0               0               1               0            3930

Metrics for a given class
True Positives
False Positives
False Negatives
True Negatives
Precision
Recall
Fall-out
F-Measure

Metrics for class 0 classification
39728
2377
2588
71509
0.9435458971618572
0.9388411002930334
0.03217118263270444
0.9411876191942763


Metrics for class 1 classification
53993
2866
2657
56686
0.9495946112312914
0.9530979699911739
0.04812600752283718
0.9513430653075968


Metrics for class 2 classification
6671
467
476
108588
0.9345755113477164
0.9333986287952988
0.0042822429049562145
0.9339866993349668


Metrics for class 3 classification
456
70
102
115574
0.8669201520912547
0.8172043010752689
0.0006053059389159836
0.8413284132841328


Metrics for class 4 classification
1597
298
323
113984
0.8427440633245382
0.8317708333333333
0.002607584746504261
0.837221494102228


Metrics for class 5 classification
3082
456
381
112283
0.8711136235161108
0.8899797863124459
0.004044740506834369
0.88044565062134


Metrics for class 6 classification
3930
211
218
111843
0.9490461241246075
0.9474445515911283
0.001883020686454745
0.9482446615997104


Macro measures
Precision
Recall
Fall-out
F-Measure
0.9082199975424823
0.9016767387702403
0.013388583562743885
0.9048225147777502


Micro measures
Precision
Recall
Fall-out
F-Measure
0.9419472464992955
0.941954527460801
0.035674612400008215
0.9419399971717655

